386
1949
1741
3937
5021731
1746
5022479
20523
3881
1811
1809
4804
4576
4915
5022347
4581
20509
5022349
5022429
4935
20026
15318287
5021391
15318393
5021973
20091
4998
15318232
20071
15318336
5062
5021912
15318194
20207766
20207762
5022405
5022483
20207755
20452
20207737
15318223
5022379
21055
15318569
4913
4917
20207761
20207764
21245
20207765
20207763
20207760
15318410
20207771
4637
15318360
15318519
15318465
15318701
5021917
20211561
4985
386
387
1005
4990
388
1007
395
389
4584
1006
392
4992
5039
4986
4991
398
396
4988
4995
390
4993
20402
391
5022499
1002
394
1001
397
5021868
178946
179454
179722
179420
179538
180042
178888
178788
180014
228087
179702
179540
179558
179000
179592
178896
179632
179630
179862
178802
178674
179104
179838
178776
179822
179024
179664
179512
179186
180006
179118
179252
178898
180416
179162
179876
179466
179164
180254
179296
180392
180126
4985
336
4054
1168
1646
4522
4973
1262
1133
20025
1910
4900
1101
4945
1601
1135
1267
4886
20007
2806
4967
1949
1603
1209
1669
838
1756
4962
21209
2812
1733
1884
266
4018
4879
1500
15318189
1936
5056
5021641
1655
1676
1211
1140
1736
3939
20242
20057
1811
1928
471
335
4928
4966
20246
1085
1677
20835
5142662
15318293
1007
4584
334
1006
5022463
395
333
20083
4887
1264
4868
20485
4992
1174
1645
337
20515
20639
2807
1672
268
20487
20012
1501
21261
1186
5021857
5014
1911
1608
20238
4956
20013
1675
5022030
15318584
1961
4892
5022004
1670
1898
1222
5022348
20805
5021975
4577
20452
5022043
20857
4925
5021919
15318409
20771
20210886
15318231
386
1005
1644
4944
339
275
1167
4953
1667
20024
4518
4584
1220
270
1254
1265
20234
1276
1303
1731
4906
1215
4974
1673
1652
4960
2808
4986
5072
5055
4919
1154
1498
2777
21263
1600
1926
1753
20006
20683
1809
1712
4897
1737
5021864
1282
2792
5061
5000
20198
1604
4988
1908
1923
1313
5022360
5022144
20324
3937
5022532
1746
1002
1903
1001
1315
1757
5022287
5022496
1651
1219
5022062
1116
20450
15318128
20133
5021791
1862
4916
20139
20529
20059
5022284
20711
5022083
15318480
4569
20207782
15318229
15318428
5075
15318403
4990
1175
4595
269
342
4991
20509
1606
343
15318393
21239
1952
1951
3951
2781
20354
4972
2783
4524
4970
4521
20470
468
5022347
1102
1169
20244
3980
20018
4867
21243
1136
20014
2801
4982
341
20240
5021413
347
20839
4952
1948
1218
1293
15318381
20480
338
4008
1098
5022089
4003
5022435
5022134
20965
5021977
20555
20207741
15318663
1207
5022083
2797
20625
15318098
5022342
1713
20567
387
1259
4847
276
5021651
20236
1668
4927
20015
1732
20019
1173
1221
20501
5015
20200
1738
1653
1121
1679
2778
1226
4519
1499
15318287
1674
837
1152
1157
1295
3976
20065
5008
21327
15318126
1927
4983
1088
5006
1216
5021665
1841
4045
1683
20166
5021880
20144
1921
5022691
3978
1278
5022397
1163
1286
1650
1754
392
2782
4976
4937
5039
20491
469
1103
1602
398
4977
1268
396
4939
15318432
4995
5022537
1902
20683
1263
1172
20176
390
5022439
1277
5022511
4596
21317
5022449
20208
1934
5021973
5022018
1269
15318346
1950
15318307
5021850
1143
20210885
1740
1896
4951
4968
1609
1099
1823
1502
345
4893
1909
4523
5021819
5022038
3995
21181
3977
4984
1937
1810
5021945
21049
5022400
5022341
1086
2794
1162
1935
5021873
15318125
15318585
1224
5022061
1316
20207735
1775
2412
5022029
20207769
20207753
1842
20210237
5022455
20209339
20207778
5022668
5022276
20211322
15318701
20207768
20211562
1223
388
1649
4804
5022308
4938
274
4576
1260
1007
389
332
839
273
5022314
1266
1288
4936
1170
1665
1006
4873
2803
1739
15318181
4866
4963
4915
20462
1296
1111
1206
15317923
1947
5022463
267
1208
4885
4875
1110
2779
1289
5022023
4581
1149
20003
4932
4969
4237
15318146
20024
20025
1101
1099
20019
1102
1103
1085
20018
1094
3997
5022018
5021945
1091
1090
15318307
5022030
1086
5022186
5022520
1089
20903
20190
15318635
5021839
3996
15318107
20719
20715
1098
1088
5022535
1084
1097
5022473
5022723
5022372
5022447
20965
5021880
15318298
15318199
5022699
20625
15318358
15318332
5021950
178950
178710
179212
178880
178680
178806
179172
179056
178874
178852
178738
178820
178990
179038
179134
178932
179012
178896
179248
179306
179136
178698
178960
179892
179054
179642
179476
178854
178918
179358
180382
179438
178860
180252
178722
180082
179554
179282
179620
179712
179246
179412
179342
179900
179140
179480
178864
178708
179262
179348
4953
3978
4945
4967
1823
5015
4850
20487
3980
3977
4984
5014
5013
1831
4889
5022144
5022488
3976
4952
15318331
20324
5022465
5022532
5079
5021975
5083
5021807
15318197
5022538
15318202
1175
1168
1167
1170
1174
1173
1169
20003
1172
1176
4968
4972
4973
839
20083
4970
4974
838
4976
4969
4977
21261
20077
21049
837
5022434
5022354
5022338
5022435
15318292
5073
5021713
1649
1644
1646
1650
1651
4868
1652
1645
5072
1655
1654
1653
5022038
4867
5021857
20849
5021743
5022440
5022474
20859
20168
5022470
5021649
3950
20835
5022603
5021914
3954
20211323
15318381
5021910
5021803
3951
20855
5021959
15318317
4871
5022056
5021940
20207735
4601
5021507
15318503
1657
5021902
1659
20857
5021801
1656
15318322
274
276
275
273
270
4928
4893
266
267
269
5022023
268
15318607
5022341
15318159
4857
20202
21355
5090
5142662
4022
4938
4944
4054
4936
2783
2806
2803
20015
4963
2782
4962
4960
2808
2779
4966
5056
5055
2807
2777
20012
5021533
2778
2799
2780
2792
5000
5022449
20014
21275
20013
4922
2791
5004
4924
2801
2796
5022050
2805
2798
2794
15318160
2804
21277
5022636
2789
21327
21239
20207738
5022380
4923
4522
4518
1133
1135
1163
4524
4521
4866
2812
4523
1149
1154
15318146
1140
1156
21181
4519
5021864
20597
1136
1155
1134
2810
2811
20033
1152
1143
1138
1142
1157
1132
1162
1146
5022570
20162
1144
4567
5052
1160
5021791
5021401
1161
20204
5054
1141
5022061
2422
1153
20537
1145
5021395
20807
1683
5022403
5022289
5022262
15318631
20210754
20144
15318612
4865
5022264
5022333
15318316
5021585
5022611
5022340
20207732
21341
5021930
20320
20210753
5022727
1666
5022534
15318646
15318660
5021951
5022642
5022641
15318571
5022097
5021991
15318687
5022361
1685
5022198
5022653
4569
5021958
1228
5022550
20211321
5022001
20210757
5022119
5022452
20206
20207782
5022557
5022698
20209339
2123
5022142
5022141
15318406
5022055
5022337
5022390
5022679
5022022
5022077
5022546
5022082
5022480
5049
5022660
5021397
15318479
15318328
5021904
15318286
5022110
21309
20865
20207740
20180
5021453
20209340
20207773
5021491
20207778
5022580
5022566
5022276
15318557
15318121
15318403
1117
20207784
179982
180254
180058
179364
179716
179518
179734
180200
179750
180376
179476
179422
180034
179014
180162
179044
180402
199668
179760
179360
179602
180352
178940
179030
178804
179668
179106
180318
180260
179240
204366
179600
179988
180252
178822
179582
179694
179404
179250
188948
179386
180160
179254
180242
179554
178750
179170
179026
178836
180248
224426
180008
179324
179714
179140
180004
179910
179858
179262
179964
180194
179690
179796
179072
179458
179006
224427
180038
180322
179428
179312
179088
180314
179208
180156
180040
179996
179920
180426
180222
180286
179758
179640
178768
179588
180218
179712
180208
180110
179706
179594
179968
178840
179520
179292
179938
178916
179578
180092
179590
180084
179756
179994
179210
179752
180232
180244
179952
180216
179658
179064
179574
179616
179158
5021905
5021767
5022508
20207768
20210756
20334
5022041
5021856
20210755
5021931
15318291
5022491
1590
15318341
15318293
15318498
179562
180408
179872
179050
179424
179030
179208
180156
180364
179996
179852
180286
179758
180206
180096
180118
179934
179732
178830
179352
211341
180284
179778
179624
180280
180210
180050
179898
179964
179808
180262
188548
179744
179176
188546
180288
180116
180240
224428
179556
179724
1156
1611
5021533
2780
20597
4979
20649
1094
3997
20849
1227
1308
1758
4671
1899
5017
1919
2138
1091
2791
5004
4924
4911
4889
1680
15318584
2796
20087
4665
1840
5022079
15318165
20741
20168
1966
5009
1711
4585
3950
15318679
15318602
1146
1684
5022354
5026
4891
5031
3967
5027
20162
15318404
5022390
5022098
1861
1155
20077
5013
3992
5022440
4922
1610
1678
20207767
1134
1090
2810
20859
5022622
1918
5016
5022186
1138
1744
20063
1132
1225
2798
15318668
1257
5022434
5022488
5022570
5021874
1089
1839
4978
20653
20266
4567
5052
15318125
1160
20358
1965
1682
1307
1808
20701
1188
20669
5022096
5021557
15318107
20207773
15318431
5022203
20207748
15318265
15318170
5022022
5021909
5022077
5022480
5049
15318291
5022470
1176
15318335
15318160
15318336
21277
21321
15318568
5022636
15318203
5022527
5022410
15318635
5022138
15318689
5021866
5022381
5022603
20402
5022355
391
5021803
20855
5021401
5079
5022499
20204
3941
1813
1141
5022563
4675
20971
4857
5021933
5022535
394
4904
5022473
5022031
5022723
2809
1940
1153
5021667
1897
5022372
15318544
397
5022716
340
5022349
15317920
1654
4850
5022429
1671
5021523
4921
4029
470
2799
1612
15318607
20769
4910
4935
344
1920
20380
1297
20026
4023
647
5021391
21275
4981
5021743
20651
1283
1831
1802
4993
15317916
4878
4594
5022431
5022474
1929
20091
15318127
20517
2811
15317933
20033
15317931
5022316
5022339
4980
5022050
178684
178844
178696
179072
178980
178760
179458
180030
178846
178872
179006
179860
179238
20166
1660
5022484
5022539
5021901
20406
5022536
15318450
15318538
5021555
5022013
5022643
5022040
15318431
5022500
15318589
15318265
20211322
5022541
20262
5022436
15318481
2776
20503
5021877
5006
21265
4605
20135
2809
20141
3985
20330
2781
5021970
20332
4588
15318120
3982
4586
20344
20207749
4925
20150
3984
20207734
2800
2790
4589
20326
20207753
5022705
20579
2795
4587
2797
15318398
20207779
5022640
3988
5021875
20207759
5021605
5005
15318464
20527
5053
5022556
1158
20035
20533
5022482
1137
20444
1131
5022406
5022310
5022437
5022526
5021859
20442
15318231
5022190
20505
5022311
5021908
5022624
15318638
5022671
20005
5022200
5021924
5022703
5022033
180238
179092
179844
179152
178856
179792
178912
179020
180360
179636
180290
180096
180016
178728
179620
178826
180378
180218
179698
179094
179022
180312
180412
179904
180086
179246
178830
179048
179146
211341
179086
178704
179868
180430
179400
178996
180268
180414
180246
178968
179510
180418
180334
179068
180052
180136
179946
180374
179196
211345
20903
4987
15318128
2804
1229
15318331
5022369
20190
2789
3993
1774
5021839
5022465
3996
20342
1741
5021914
3954
5022075
20211323
5046
1763
5022395
1214
5021910
15318219
5022401
4994
5021959
4014
1161
20719
20352
3964
1960
5022389
5022283
20142
20767
5021877
5021940
2422
5022095
5021907
4905
1258
20135
4599
5022263
3985
2776
4877
20503
5021861
20715
4901
5022282
5029
5022015
5022551
20061
1968
1097
21249
21357
5022074
5083
1762
20330
1300
5022080
20537
5025
1145
21303
4854
5022143
1657
3970
1190
5022443
20338
5022399
20685
5021395
20525
20460
20807
1613
15318224
5022388
21043
5022092
5022394
3984
5073
15318298
5022280
4033
20861
1742
5022447
15318503
5022385
5022483
5021739
5022556
5021862
20202
1930
21255
15318379
21355
20685
15318120
20207780
5021807
20207749
5021860
20673
1760
4606
5022446
5021801
5022403
15318197
1656
5021597
15318223
1158
20150
20209342
5022673
1660
5022729
5022513
20035
5022484
4027
2790
5022379
5090
5022076
15318706
15318594
15318117
20210752
5022333
5022705
1922
15317922
5022448
1142
2805
4942
5022520
20067
5021649
21219
1185
15317925
4998
15318232
5022382
20071
20296
20697
15318159
5062
21325
5021381
1144
5021912
5022610
15318194
21217
15317918
5022338
15318204
4846
15318703
20207738
5022380
4923
15317917
5021731
5022605
5020
21001
20207766
15317930
20495
5054
5057
4015
20207762
15318317
15318294
4874
21231
211338
179082
178848
188952
178878
178910
179864
180442
179412
179342
179380
180424
180436
179278
180230
178720
179514
179916
178716
180092
180104
178864
179924
179756
180434
180102
179190
179564
179832
179090
179122
180292
179496
178810
180050
178828
179348
179808
180018
179882
179192
179126
179752
179604
178844
180144
180236
180114
179812
180264
5021559
5021507
1309
5021918
15318700
4941
3971
20207736
5022202
5021942
5021851
5053
15318354
5021970
5021868
1189
20519
20671
15318385
5021869
20571
1191
1659
5022467
15318292
3982
4586
20563
5022036
5022104
5023
20867
21247
20148
5022285
5022719
20207734
20533
5022604
1743
20326
20207781
5022538
5022661
5022409
5021961
15318316
5021585
15318156
15318569
1773
4020
5022373
20210239
4589
5022482
1137
5040
1759
20444
5022264
20579
5022252
5042
5021901
20182
5022611
20207770
1228
5022406
20709
5063
20211321
1122
5045
5022110
5022718
15318386
20865
5067
5022040
5022064
20593
4030
5022108
5022471
20320
5022557
20207747
5047
5022025
5021875
5022135
5022
20207746
5019
20989
20853
5021950
5022069
5022065
4587
5022581
5021849
5022699
5022506
5021916
5011
1734
5022653
5022536
15318201
5022340
1115
5022071
15318358
20207732
1131
5022521
4931
5022550
5022555
15318228
5021617
5022646
15318098
5022417
20207779
15318538
5022310
15318332
5022013
5022643
15318429
15318405
20207740
5022640
15318100
15318507
20207754
5022479
15318330
5022437
5022658
20210753
5022727
5022698
21245
5022526
1933
4871
4675
5022056
15317926
15318300
5021461
5022405
15318699
21265
4930
1084
4605
5021932
4601
20010
20152
5021829
20141
20207736
4864
20332
20440
5021902
4588
20207755
15318526
5022118
15318702
4035
20344
5022268
5022571
20207737
5021637
15318322
20055
5022289
5022262
15317928
20489
5022719
2800
15318631
20210754
5012
20207781
21055
5021884
20210236
15317935
180062
188956
178838
178818
180090
179482
180296
180240
179238
179300
179294
180108
180030
179154
179648
179598
179366
179914
179818
179860
179744
180310
179448
178892
179556
179272
180098
179894
179176
178994
180166
180112
180116
180158
179944
178872
179918
179798
179840
1969
15318480
5022710
5022687
15318704
15318167
4899
15318450
5022001
5022119
1301
5021555
15318286
21309
5022452
5021930
5022717
15318153
5022712
15318579
20180
5021453
20209340
21305
20207776
5022070
3988
21027
5022141
15318406
20442
20093
4839
21269
5022548
5022337
15318449
5022566
1807
20507
5044
5068
5021885
5022361
15318533
5021920
20987
5021908
15318147
5022606
5043
5022100
20178
5022097
5022035
15318549
5022311
1938
4022
5022413
15318691
20527
20207785
5022692
5022688
1931
15318388
5022534
20207759
5021859
5021993
5021491
15318695
5022142
5022500
5022383
20207775
5022190
5022523
5022045
15318589
15318410
15318660
15318628
5021951
5022642
5022531
20022
5076
15318178
5021713
5022580
15318506
21285
5022641
5022100
5021605
4637
15318571
5021991
20207772
5005
15318360
5021998
5033
15318557
15318464
15318546
5022426
15318277
5021979
20523
15318208
20137
15318282
15318612
15318202
4865
5022539
2795
15318199
5022063
5028
20406
4913
5021958
15318704
5021565
4917
4914
15318398
15318225
5022493
20210757
20394
21341
20206
21251
15317921
20207761
5022407
20207776
20207764
5022608
5021761
20207765
5022345
1666
2123
15317929
15317932
15318646
20207763
15317939
20207760
21037
15317937
5022055
20505
20207771
15317941
15318449
5022566
5022425
15317919